Size;Time [ms];TimeStd;Comparisons;ComparisonsStd;Swaps;SwapsStd;AlwaysSorted;AlwaysStable
0;0,000000000000;0,000000000000;0,000000000000;0,000000000000;0,000000000000;0,000000000000;true;true
2;0,000000000000;0,000000000000;1,000000000000;0,000000000000;1,000000000000;0,000000000000;true;true
4;0,000000000000;0,000000000000;8,000000000000;0,000000000000;6,000000000000;0,000000000000;true;true
8;0,000000000000;0,000000000000;40,000000000000;0,000000000000;28,000000000000;0,000000000000;true;true
16;0,000000000000;0,000000000000;176,000000000000;0,000000000000;120,000000000000;0,000000000000;true;true
32;0,400000000000;1,743559577416;736,000000000000;0,000000000000;496,000000000000;0,000000000000;true;true
64;0,000000000000;0,000000000000;3008,000000000000;0,000000000000;2016,000000000000;0,000000000000;true;true
128;0,000000000000;0,000000000000;12160,000000000000;0,000000000000;8128,000000000000;0,000000000000;true;true
256;0,650000000000;2,414021540915;48896,000000000000;0,000000000000;32640,000000000000;0,000000000000;true;true
512;1,000000000000;2,408318915758;196096,000000000000;0,000000000000;130816,000000000000;0,000000000000;true;true
1024;1,500000000000;2,819574435974;785408,000000000000;0,000000000000;523776,000000000000;0,000000000000;true;true
2048;6,950000000000;3,707762128292;3143680,000000000000;0,000000000000;2096128,000000000000;0,000000000000;true;true
4096;28,450000000000;3,106042498099;12578816,000000000000;0,000000000000;8386560,000000000000;0,000000000000;true;true
8192;112,650000000000;2,593742469868;50323456,000000000000;0,000000000000;33550336,000000000000;0,000000000000;true;true
16384;450,650000000000;3,511053972818;201310208,000000000000;0,000000000000;134209536,000000000000;0,000000000000;true;true
