Size;Time [ms];TimeStd;Comparisons;ComparisonsStd;Swaps;SwapsStd;AlwaysSorted;AlwaysStable
0;0,000000000000;0,000000000000;0,000000000000;0,000000000000;0,000000000000;0,000000000000;true;true
2;0,000000000000;0,000000000000;1,000000000000;0,000000000000;1,000000000000;0,000000000000;true;true
4;0,000000000000;0,000000000000;8,000000000000;0,000000000000;6,000000000000;0,000000000000;true;true
8;0,000000000000;0,000000000000;40,000000000000;0,000000000000;28,000000000000;0,000000000000;true;true
16;0,000000000000;0,000000000000;176,000000000000;0,000000000000;120,000000000000;0,000000000000;true;true
32;0,000000000000;0,000000000000;736,000000000000;0,000000000000;496,000000000000;0,000000000000;true;true
64;0,000000000000;0,000000000000;3008,000000000000;0,000000000000;2016,000000000000;0,000000000000;true;true
128;0,000000000000;0,000000000000;12160,000000000000;0,000000000000;8128,000000000000;0,000000000000;true;true
256;0,850000000000;3,482456029873;48896,000000000000;0,000000000000;32640,000000000000;0,000000000000;true;true
512;0,750000000000;3,269174207656;196096,000000000000;0,000000000000;130816,000000000000;0,000000000000;true;true
1024;2,450000000000;5,370986873937;785408,000000000000;0,000000000000;523776,000000000000;0,000000000000;true;true
2048;10,200000000000;7,487322618934;3143680,000000000000;0,000000000000;2096128,000000000000;0,000000000000;true;true
4096;32,300000000000;7,963039620647;12578816,000000000000;0,000000000000;8386560,000000000000;0,000000000000;true;true
8192;113,700000000000;3,522782990761;50323456,000000000000;0,000000000000;33550336,000000000000;0,000000000000;true;true
16384;451,700000000000;4,267317658663;201310208,000000000000;0,000000000000;134209536,000000000000;0,000000000000;true;true
